%YAML:1.0
---
pose: !!opencv-matrix
   rows: 7
   cols: 1
   dt: d
   data: [ 5.7873767099999995e-01, 4.6984875500000001e-01,
       6.3068780499999999e-01, -3.1935038251174919e-01,
       -9.1642786278228805e-01, -9.2277608544493600e-03,
       2.4101899081918940e-01 ]
