%YAML:1.0
---
pose: !!opencv-matrix
   rows: 7
   cols: 1
   dt: d
   data: [ 6.5063740594530191e+02, -4.7270046751176687e+02,
       -2.7929005236090075e+02, -4.0166683158200356e-01,
       7.1697648489969568e-01, 4.6839801619373478e-01,
       -3.2436364613428015e-01 ]
