%YAML:1.0
---
pose: !!opencv-matrix
   rows: 7
   cols: 1
   dt: d
   data: [ -7.1883190305056382e+02, -3.5488878150128056e+02,
       -2.8894575392376049e+02, 2.5076506616424621e-01,
       -1.1172309324079910e-01, 8.4391193093421113e-01,
       4.6092025867305964e-01 ]
